<FSB002_Richelieu_1940_MidFront_ports.visual>
	<skeleton>
		<node>
			<identifier>	Scene Root	</identifier>
			<transform>
				<row0>	1.0000 0.0000 0.0000 0.0000	</row0>
				<row1>	0.0000 1.0000 0.0000 0.0000	</row1>
				<row2>	0.0000 0.0000 1.0000 0.0000	</row2>
				<row3>	0.0000 0.0000 0.0000 1.0000	</row3>
			</transform>
			<node>
				<identifier>	MidFront_ports	</identifier>
				<transform>
					<row0>	1.0000 0.0000 0.0000 0.0000	</row0>
					<row1>	0.0000 1.0000 0.0000 0.0000	</row1>
					<row2>	0.0000 0.0000 1.0000 0.0000	</row2>
					<row3>	0.0000 0.0000 0.0000 1.0000	</row3>
				</transform>
				<node>
					<identifier>	HP_FD_1	</identifier>
					<transform>
						<row0>	0.7071 0.0000 0.7071 0.0000	</row0>
						<row1>	0.0000 1.0000 0.0000 0.0000	</row1>
						<row2>	-0.7071 0.0000 0.7071 0.0000	</row2>
						<row3>	-0.6802 0.5523 0.8475 1.0000	</row3>
					</transform>
				</node>
				<node>
					<identifier>	HP_FD_2	</identifier>
					<transform>
						<row0>	0.7071 0.0000 -0.7071 0.0000	</row0>
						<row1>	0.0000 1.0000 0.0000 0.0000	</row1>
						<row2>	0.7071 0.0000 0.7071 0.0000	</row2>
						<row3>	0.6802 0.5523 0.8475 1.0000	</row3>
					</transform>
				</node>
				<node>
					<identifier>	HP_FD_3	</identifier>
					<transform>
						<row0>	1.0000 0.0000 0.0000 0.0000	</row0>
						<row1>	0.0000 1.0000 0.0000 0.0000	</row1>
						<row2>	0.0000 0.0000 1.0000 0.0000	</row2>
						<row3>	0.0000 2.0135 -0.4232 1.0000	</row3>
					</transform>
				</node>
				<node>
					<identifier>	HP_FD_4	</identifier>
					<transform>
						<row0>	1.0000 0.0000 0.0000 0.0000	</row0>
						<row1>	0.0000 1.0000 0.0000 0.0000	</row1>
						<row2>	0.0000 0.0000 1.0000 0.0000	</row2>
						<row3>	0.0000 2.2334 -0.4232 1.0000	</row3>
					</transform>
				</node>
				<node>
					<identifier>	HP_FD_5	</identifier>
					<transform>
						<row0>	1.0000 0.0000 0.0000 0.0000	</row0>
						<row1>	0.0000 1.0000 0.0000 0.0000	</row1>
						<row2>	0.0000 0.0000 1.0000 0.0000	</row2>
						<row3>	0.0000 2.4486 -0.4233 1.0000	</row3>
					</transform>
				</node>
				<node>
					<identifier>	HP_FF_1	</identifier>
					<transform>
						<row0>	1.0000 0.0000 0.0000 0.0000	</row0>
						<row1>	0.0000 1.0000 0.0000 0.0000	</row1>
						<row2>	0.0000 0.0000 1.0000 0.0000	</row2>
						<row3>	0.0000 1.8714 -0.0140 1.0000	</row3>
					</transform>
				</node>
				<node>
					<identifier>	HP_FF_2	</identifier>
					<transform>
						<row0>	0.0000 0.0000 1.0000 0.0000	</row0>
						<row1>	0.0000 1.0000 0.0000 0.0000	</row1>
						<row2>	-1.0000 0.0000 0.0000 0.0000	</row2>
						<row3>	-0.5176 1.0233 -0.4386 1.0000	</row3>
					</transform>
				</node>
				<node>
					<identifier>	HP_FF_3	</identifier>
					<transform>
						<row0>	0.0000 0.0000 -1.0000 0.0000	</row0>
						<row1>	0.0000 1.0000 0.0000 0.0000	</row1>
						<row2>	1.0000 0.0000 0.0000 0.0000	</row2>
						<row3>	0.5176 1.0233 -0.4386 1.0000	</row3>
					</transform>
				</node>
				<node>
					<identifier>	HP_FF_4	</identifier>
					<transform>
						<row0>	0.0000 0.0000 1.0000 0.0000	</row0>
						<row1>	0.0000 1.0000 0.0000 0.0000	</row1>
						<row2>	-1.0000 0.0000 0.0000 0.0000	</row2>
						<row3>	-0.3257 1.7640 -0.6287 1.0000	</row3>
					</transform>
				</node>
				<node>
					<identifier>	HP_FF_5	</identifier>
					<transform>
						<row0>	0.0000 0.0000 -1.0000 0.0000	</row0>
						<row1>	0.0000 1.0000 0.0000 0.0000	</row1>
						<row2>	1.0000 0.0000 0.0000 0.0000	</row2>
						<row3>	0.3257 1.7640 -0.6287 1.0000	</row3>
					</transform>
				</node>
				<node>
					<identifier>	HP_FGA_3	</identifier>
					<transform>
						<row0>	0.7071 0.0000 0.7071 0.0000	</row0>
						<row1>	0.0000 1.0000 0.0000 0.0000	</row1>
						<row2>	-0.7071 0.0000 0.7071 0.0000	</row2>
						<row3>	-0.7630 0.4315 1.8714 1.0000	</row3>
					</transform>
				</node>
				<node>
					<identifier>	HP_FGA_4	</identifier>
					<transform>
						<row0>	0.7071 0.0000 -0.7071 0.0000	</row0>
						<row1>	0.0000 1.0000 0.0000 0.0000	</row1>
						<row2>	0.7071 0.0000 0.7071 0.0000	</row2>
						<row3>	0.7630 0.4315 1.8714 1.0000	</row3>
					</transform>
				</node>
				<node>
					<identifier>	HP_FGA_5	</identifier>
					<transform>
						<row0>	0.7071 0.0000 0.7071 0.0000	</row0>
						<row1>	0.0000 1.0000 0.0000 0.0000	</row1>
						<row2>	-0.7071 0.0000 0.7071 0.0000	</row2>
						<row3>	-0.5480 0.5529 1.1090 1.0000	</row3>
					</transform>
				</node>
				<node>
					<identifier>	HP_FGA_6	</identifier>
					<transform>
						<row0>	0.7071 0.0000 -0.7071 0.0000	</row0>
						<row1>	0.0000 1.0000 0.0000 0.0000	</row1>
						<row2>	0.7071 0.0000 0.7071 0.0000	</row2>
						<row3>	0.5480 0.5529 1.1090 1.0000	</row3>
					</transform>
				</node>
				<node>
					<identifier>	HP_FGM_1	</identifier>
					<transform>
						<row0>	1.0000 0.0000 0.0000 0.0000	</row0>
						<row1>	0.0000 1.0000 0.0000 0.0000	</row1>
						<row2>	0.0000 0.0000 1.0000 0.0000	</row2>
						<row3>	0.0000 0.5015 3.4746 1.0000	</row3>
					</transform>
				</node>
				<node>
					<identifier>	HP_FGM_2	</identifier>
					<transform>
						<row0>	1.0000 0.0000 0.0000 0.0000	</row0>
						<row1>	0.0000 1.0000 0.0000 0.0000	</row1>
						<row2>	0.0000 0.0000 1.0000 0.0000	</row2>
						<row3>	0.0000 0.7440 1.3086 1.0000	</row3>
					</transform>
				</node>
				<node>
					<identifier>	HP_FX_Death_2	</identifier>
					<transform>
						<row0>	1.0000 0.0000 0.0000 0.0000	</row0>
						<row1>	0.0000 1.0000 0.0000 0.0000	</row1>
						<row2>	0.0000 0.0000 1.0000 0.0000	</row2>
						<row3>	0.0000 0.0000 -1.2257 1.0000	</row3>
					</transform>
				</node>
				<node>
					<identifier>	HP_FX_Fire_2	</identifier>
					<transform>
						<row0>	1.0000 0.0000 0.0000 0.0000	</row0>
						<row1>	0.0000 1.0000 0.0000 0.0000	</row1>
						<row2>	0.0000 0.0000 1.0000 0.0000	</row2>
						<row3>	-0.0223 1.2560 0.2621 1.0000	</row3>
					</transform>
				</node>
				<node>
					<identifier>	HP_FX_Fire_2_side_1	</identifier>
					<transform>
						<row0>	1.0000 0.0000 0.0000 0.0000	</row0>
						<row1>	0.0000 1.0000 0.0000 0.0000	</row1>
						<row2>	0.0000 0.0000 1.0000 0.0000	</row2>
						<row3>	-0.8727 0.3931 2.1681 1.0000	</row3>
					</transform>
				</node>
				<node>
					<identifier>	HP_FX_Fire_2_side_2	</identifier>
					<transform>
						<row0>	1.0000 0.0000 0.0000 0.0000	</row0>
						<row1>	0.0000 1.0000 0.0000 0.0000	</row1>
						<row2>	0.0000 0.0000 1.0000 0.0000	</row2>
						<row3>	0.6903 0.7532 0.4561 1.0000	</row3>
					</transform>
				</node>
				<node>
					<identifier>	HP_FX_Fire_5_2	</identifier>
					<transform>
						<row0>	1.0000 0.0000 0.0000 0.0000	</row0>
						<row1>	0.0000 1.0000 0.0000 0.0000	</row1>
						<row2>	0.0000 0.0000 1.0000 0.0000	</row2>
						<row3>	-0.0223 0.6422 -0.9285 1.0000	</row3>
					</transform>
				</node>
				<node>
					<identifier>	HP_FX_FloodLight_left_2	</identifier>
					<transform>
						<row0>	-1.0000 0.0000 0.0000 0.0000	</row0>
						<row1>	0.0000 1.0000 0.0000 0.0000	</row1>
						<row2>	0.0000 0.0000 -1.0000 0.0000	</row2>
						<row3>	-0.2578 1.2934 -0.3756 1.0000	</row3>
					</transform>
				</node>
				<node>
					<identifier>	HP_FX_FloodLight_right_1	</identifier>
					<transform>
						<row0>	1.0000 0.0000 0.0000 0.0000	</row0>
						<row1>	0.0000 1.0000 0.0000 0.0000	</row1>
						<row2>	0.0000 0.0000 1.0000 0.0000	</row2>
						<row3>	0.2567 1.2914 -0.3056 1.0000	</row3>
					</transform>
				</node>
				<node>
					<identifier>	HP_FX_Flood_steam_left	</identifier>
					<transform>
						<row0>	-1.0000 0.0000 0.0000 0.0000	</row0>
						<row1>	0.0000 1.0000 0.0000 0.0000	</row1>
						<row2>	0.0000 0.0000 -1.0000 0.0000	</row2>
						<row3>	-0.8736 0.2737 3.0568 1.0000	</row3>
					</transform>
				</node>
				<node>
					<identifier>	HP_FX_Flood_water_left_2	</identifier>
					<transform>
						<row0>	-1.0000 0.0000 0.0000 0.0000	</row0>
						<row1>	0.0000 1.0000 0.0000 0.0000	</row1>
						<row2>	0.0000 0.0000 -1.0000 0.0000	</row2>
						<row3>	-1.1035 0.0758 -0.0728 1.0000	</row3>
					</transform>
				</node>
				<node>
					<identifier>	HP_FX_Flood_water_left_4	</identifier>
					<transform>
						<row0>	-0.9945 0.0000 0.1043 0.0000	</row0>
						<row1>	0.0000 1.0000 0.0000 0.0000	</row1>
						<row2>	-0.1043 0.0000 -0.9945 0.0000	</row2>
						<row3>	-1.0050 0.0789 1.8420 1.0000	</row3>
					</transform>
				</node>
				<node>
					<identifier>	HP_FX_Flood_water_right_2	</identifier>
					<transform>
						<row0>	1.0000 0.0000 0.0000 0.0000	</row0>
						<row1>	0.0000 1.0000 0.0000 0.0000	</row1>
						<row2>	0.0000 0.0000 1.0000 0.0000	</row2>
						<row3>	1.1017 0.0827 -0.0729 1.0000	</row3>
					</transform>
				</node>
				<node>
					<identifier>	HP_FX_Flood_water_right_4	</identifier>
					<transform>
						<row0>	0.9936 0.0000 0.1127 0.0000	</row0>
						<row1>	0.0000 1.0000 0.0000 0.0000	</row1>
						<row2>	-0.1127 0.0000 0.9936 0.0000	</row2>
						<row3>	1.0035 0.0779 1.8410 1.0000	</row3>
					</transform>
				</node>
				<node>
					<identifier>	HP_FX_RepairLight_left_2	</identifier>
					<transform>
						<row0>	0.1007 0.0000 0.9949 0.0000	</row0>
						<row1>	-0.0195 0.9998 0.0020 0.0000	</row1>
						<row2>	-0.9947 -0.0196 0.1007 0.0000	</row2>
						<row3>	-0.9158 0.4046 2.7942 1.0000	</row3>
					</transform>
				</node>
				<node>
					<identifier>	HP_FX_RepairLight_right_1	</identifier>
					<transform>
						<row0>	0.0899 0.0000 -0.9959 0.0000	</row0>
						<row1>	0.0195 0.9998 0.0018 0.0000	</row1>
						<row2>	0.9958 -0.0196 0.0899 0.0000	</row2>
						<row3>	0.9855 0.3918 2.0637 1.0000	</row3>
					</transform>
				</node>
				<node>
					<identifier>	HP_Flagpole	</identifier>
					<transform>
						<row0>	-1.0000 0.0000 0.0000 0.0000	</row0>
						<row1>	0.0000 1.0000 0.0000 0.0000	</row1>
						<row2>	0.0000 0.0000 -1.0000 0.0000	</row2>
						<row3>	0.0000 2.9287 -0.4026 1.0000	</row3>
					</transform>
				</node>
				<node>
					<identifier>	HP_flag_1	</identifier>
					<transform>
						<row0>	0.9496 -0.3078 0.0600 0.0000	</row0>
						<row1>	0.3078 0.8781 -0.3662 0.0000	</row1>
						<row2>	0.0600 0.3662 0.9286 0.0000	</row2>
						<row3>	0.7109 1.8881 -0.4488 1.0000	</row3>
					</transform>
				</node>
				<node>
					<identifier>	HP_flag_2	</identifier>
					<transform>
						<row0>	0.9496 0.3078 -0.0600 0.0000	</row0>
						<row1>	-0.3078 0.8781 -0.3662 0.0000	</row1>
						<row2>	-0.0600 0.3662 0.9286 0.0000	</row2>
						<row3>	-0.7098 1.8884 -0.4492 1.0000	</row3>
					</transform>
				</node>
				<node>
					<identifier>	HP_flag_3	</identifier>
					<transform>
						<row0>	0.9751 -0.2209 -0.0188 0.0000	</row0>
						<row1>	0.2209 0.9609 0.1670 0.0000	</row1>
						<row2>	-0.0188 -0.1670 0.9858 0.0000	</row2>
						<row3>	0.5757 1.8878 0.0908 1.0000	</row3>
					</transform>
				</node>
				<node>
					<identifier>	HP_flag_4	</identifier>
					<transform>
						<row0>	0.9751 0.2209 0.0188 0.0000	</row0>
						<row1>	-0.2209 0.9609 0.1670 0.0000	</row1>
						<row2>	0.0188 -0.1670 0.9858 0.0000	</row2>
						<row3>	-0.5757 1.8878 0.0908 1.0000	</row3>
					</transform>
				</node>
				<node>
					<identifier>	HP_flag_courtesy	</identifier>
					<transform>
						<row0>	0.9994 -0.0333 0.0076 0.0000	</row0>
						<row1>	0.0333 0.9013 -0.4319 0.0000	</row1>
						<row2>	0.0076 0.4319 0.9019 0.0000	</row2>
						<row3>	0.5663 1.8880 -0.9944 1.0000	</row3>
					</transform>
				</node>
				<node>
					<identifier>	HP_flag_house	</identifier>
					<transform>
						<row0>	0.9994 0.0333 -0.0076 0.0000	</row0>
						<row1>	-0.0333 0.9013 -0.4319 0.0000	</row1>
						<row2>	-0.0076 0.4319 0.9019 0.0000	</row2>
						<row3>	-0.5674 1.8880 -0.9943 1.0000	</row3>
					</transform>
				</node>
				<node>
					<identifier>	MP_CM011_Fire_Fighting_Gear	</identifier>
					<transform>
						<row0>	-0.5000 0.0000 -0.8660 0.0000	</row0>
						<row1>	0.0000 1.0000 0.0000 0.0000	</row1>
						<row2>	0.8660 0.0000 -0.5000 0.0000	</row2>
						<row3>	-0.4254 0.3896 1.5222 1.0000	</row3>
					</transform>
				</node>
				<node>
					<identifier>	MP_CM011_Fire_Fighting_Gear_INDEX_1	</identifier>
					<transform>
						<row0>	0.0000 0.0000 -1.0000 0.0000	</row0>
						<row1>	0.0000 1.0000 0.0000 0.0000	</row1>
						<row2>	1.0000 0.0000 0.0000 0.0000	</row2>
						<row3>	-0.1326 1.0080 0.0507 1.0000	</row3>
					</transform>
				</node>
				<node>
					<identifier>	MP_CM011_Fire_Fighting_Gear_INDEX_10	</identifier>
					<transform>
						<row0>	0.6428 0.0000 -0.7660 0.0000	</row0>
						<row1>	0.0000 1.0000 0.0000 0.0000	</row1>
						<row2>	0.7660 0.0000 0.6428 0.0000	</row2>
						<row3>	-0.3429 0.5530 0.9771 1.0000	</row3>
					</transform>
				</node>
				<node>
					<identifier>	MP_CM011_Fire_Fighting_Gear_INDEX_11	</identifier>
					<transform>
						<row0>	-0.5000 0.0000 0.8660 0.0000	</row0>
						<row1>	0.0000 1.0000 0.0000 0.0000	</row1>
						<row2>	-0.8660 0.0000 -0.5000 0.0000	</row2>
						<row3>	0.4254 0.3896 1.5222 1.0000	</row3>
					</transform>
				</node>
				<node>
					<identifier>	MP_CM011_Fire_Fighting_Gear_INDEX_12	</identifier>
					<transform>
						<row0>	-0.4569 0.0000 -0.8895 0.0000	</row0>
						<row1>	0.0000 1.0000 0.0000 0.0000	</row1>
						<row2>	0.8895 0.0000 -0.4569 0.0000	</row2>
						<row3>	-0.4058 0.4123 3.7243 1.0000	</row3>
					</transform>
				</node>
				<node>
					<identifier>	MP_CM011_Fire_Fighting_Gear_INDEX_13	</identifier>
					<transform>
						<row0>	0.0000 0.0000 -1.0000 0.0000	</row0>
						<row1>	0.0000 1.0000 0.0000 0.0000	</row1>
						<row2>	1.0000 0.0000 0.0000 0.0000	</row2>
						<row3>	-0.5716 0.5535 -0.7247 1.0000	</row3>
					</transform>
				</node>
				<node>
					<identifier>	MP_CM011_Fire_Fighting_Gear_INDEX_2	</identifier>
					<transform>
						<row0>	0.0000 0.0000 -1.0000 0.0000	</row0>
						<row1>	0.0000 1.0000 0.0000 0.0000	</row1>
						<row2>	1.0000 0.0000 0.0000 0.0000	</row2>
						<row3>	-0.2583 0.7175 -0.3699 1.0000	</row3>
					</transform>
				</node>
				<node>
					<identifier>	MP_CM011_Fire_Fighting_Gear_INDEX_3	</identifier>
					<transform>
						<row0>	-1.0000 0.0000 0.0000 0.0000	</row0>
						<row1>	0.0000 1.0000 0.0000 0.0000	</row1>
						<row2>	0.0000 0.0000 -1.0000 0.0000	</row2>
						<row3>	-0.2294 0.5535 0.1781 1.0000	</row3>
					</transform>
				</node>
				<node>
					<identifier>	MP_CM011_Fire_Fighting_Gear_INDEX_4	</identifier>
					<transform>
						<row0>	0.0000 0.0000 1.0000 0.0000	</row0>
						<row1>	0.0000 1.0000 0.0000 0.0000	</row1>
						<row2>	-1.0000 0.0000 0.0000 0.0000	</row2>
						<row3>	0.1326 1.0080 0.0507 1.0000	</row3>
					</transform>
				</node>
				<node>
					<identifier>	MP_CM011_Fire_Fighting_Gear_INDEX_5	</identifier>
					<transform>
						<row0>	0.0000 0.0000 1.0000 0.0000	</row0>
						<row1>	0.0000 1.0000 0.0000 0.0000	</row1>
						<row2>	-1.0000 0.0000 0.0000 0.0000	</row2>
						<row3>	0.2583 0.7175 -0.3699 1.0000	</row3>
					</transform>
				</node>
				<node>
					<identifier>	MP_CM011_Fire_Fighting_Gear_INDEX_6	</identifier>
					<transform>
						<row0>	0.6428 0.0000 0.7660 0.0000	</row0>
						<row1>	0.0000 1.0000 0.0000 0.0000	</row1>
						<row2>	-0.7660 0.0000 0.6428 0.0000	</row2>
						<row3>	0.3429 0.5530 0.9771 1.0000	</row3>
					</transform>
				</node>
				<node>
					<identifier>	MP_CM011_Fire_Fighting_Gear_INDEX_7	</identifier>
					<transform>
						<row0>	0.0000 0.0000 1.0000 0.0000	</row0>
						<row1>	0.0000 1.0000 0.0000 0.0000	</row1>
						<row2>	-1.0000 0.0000 0.0000 0.0000	</row2>
						<row3>	0.5716 0.5535 -0.7247 1.0000	</row3>
					</transform>
				</node>
				<node>
					<identifier>	MP_CM011_Fire_Fighting_Gear_INDEX_8	</identifier>
					<transform>
						<row0>	-0.4569 0.0000 0.8895 0.0000	</row0>
						<row1>	0.0000 1.0000 0.0000 0.0000	</row1>
						<row2>	-0.8895 0.0000 -0.4569 0.0000	</row2>
						<row3>	0.4058 0.4123 3.7243 1.0000	</row3>
					</transform>
				</node>
				<node>
					<identifier>	MP_CM011_Fire_Fighting_Gear_INDEX_9	</identifier>
					<transform>
						<row0>	-1.0000 0.0000 0.0000 0.0000	</row0>
						<row1>	0.0000 1.0000 0.0000 0.0000	</row1>
						<row2>	0.0000 0.0000 -1.0000 0.0000	</row2>
						<row3>	0.2294 0.5535 0.1781 1.0000	</row3>
					</transform>
				</node>
				<node>
					<identifier>	MP_CM012_Fire_Hose_Rack_1	</identifier>
					<transform>
						<row0>	0.9569 0.0000 -0.2903 0.0000	</row0>
						<row1>	0.0000 1.0000 0.0000 0.0000	</row1>
						<row2>	0.2903 0.0000 0.9569 0.0000	</row2>
						<row3>	-0.4451 0.4478 1.4572 1.0000	</row3>
					</transform>
				</node>
				<node>
					<identifier>	MP_CM012_Fire_Hose_Rack_1_INDEX_1	</identifier>
					<transform>
						<row0>	0.0000 0.0000 -1.0000 0.0000	</row0>
						<row1>	0.0000 1.0000 0.0000 0.0000	</row1>
						<row2>	1.0000 0.0000 0.0000 0.0000	</row2>
						<row3>	0.2595 0.6094 0.1574 1.0000	</row3>
					</transform>
				</node>
				<node>
					<identifier>	MP_CM012_Fire_Hose_Rack_1_INDEX_10	</identifier>
					<transform>
						<row0>	0.6378 0.0000 0.7702 0.0000	</row0>
						<row1>	0.0000 1.0000 0.0000 0.0000	</row1>
						<row2>	-0.7702 0.0000 0.6378 0.0000	</row2>
						<row3>	-0.2950 0.5889 0.9432 1.0000	</row3>
					</transform>
				</node>
				<node>
					<identifier>	MP_CM012_Fire_Hose_Rack_1_INDEX_11	</identifier>
					<transform>
						<row0>	-0.9032 0.0000 -0.4292 0.0000	</row0>
						<row1>	0.0000 1.0000 0.0000 0.0000	</row1>
						<row2>	0.4292 0.0000 -0.9032 0.0000	</row2>
						<row3>	0.1599 1.0710 -0.0925 1.0000	</row3>
					</transform>
				</node>
				<node>
					<identifier>	MP_CM012_Fire_Hose_Rack_1_INDEX_12	</identifier>
					<transform>
						<row0>	1.0000 0.0000 0.0000 0.0000	</row0>
						<row1>	0.0000 1.0000 0.0000 0.0000	</row1>
						<row2>	0.0000 0.0000 1.0000 0.0000	</row2>
						<row3>	-0.2530 0.7786 -0.4181 1.0000	</row3>
					</transform>
				</node>
				<node>
					<identifier>	MP_CM012_Fire_Hose_Rack_1_INDEX_13	</identifier>
					<transform>
						<row0>	-0.9569 0.0000 -0.2903 0.0000	</row0>
						<row1>	0.0000 1.0000 0.0000 0.0000	</row1>
						<row2>	0.2903 0.0000 -0.9569 0.0000	</row2>
						<row3>	0.4450 0.4478 1.4593 1.0000	</row3>
					</transform>
				</node>
				<node>
					<identifier>	MP_CM012_Fire_Hose_Rack_1_INDEX_14	</identifier>
					<transform>
						<row0>	-1.0000 0.0000 0.0000 0.0000	</row0>
						<row1>	0.0000 1.0000 0.0000 0.0000	</row1>
						<row2>	0.0000 0.0000 -1.0000 0.0000	</row2>
						<row3>	0.5663 0.6361 -0.7383 1.0000	</row3>
					</transform>
				</node>
				<node>
					<identifier>	MP_CM012_Fire_Hose_Rack_1_INDEX_15	</identifier>
					<transform>
						<row0>	-0.6378 0.0000 0.7702 0.0000	</row0>
						<row1>	0.0000 1.0000 0.0000 0.0000	</row1>
						<row2>	-0.7702 0.0000 -0.6378 0.0000	</row2>
						<row3>	0.2950 0.5889 0.9432 1.0000	</row3>
					</transform>
				</node>
				<node>
					<identifier>	MP_CM012_Fire_Hose_Rack_1_INDEX_2	</identifier>
					<transform>
						<row0>	0.0000 0.0000 -1.0000 0.0000	</row0>
						<row1>	0.0000 1.0000 0.0000 0.0000	</row1>
						<row2>	1.0000 0.0000 0.0000 0.0000	</row2>
						<row3>	-0.2595 0.6094 0.1574 1.0000	</row3>
					</transform>
				</node>
				<node>
					<identifier>	MP_CM012_Fire_Hose_Rack_1_INDEX_3	</identifier>
					<transform>
						<row0>	0.9032 0.0000 -0.4292 0.0000	</row0>
						<row1>	0.0000 1.0000 0.0000 0.0000	</row1>
						<row2>	0.4292 0.0000 0.9032 0.0000	</row2>
						<row3>	-0.1599 1.0710 -0.0925 1.0000	</row3>
					</transform>
				</node>
				<node>
					<identifier>	MP_CM012_Fire_Hose_Rack_1_INDEX_4	</identifier>
					<transform>
						<row0>	0.0000 0.0000 -1.0000 0.0000	</row0>
						<row1>	0.0000 1.0000 0.0000 0.0000	</row1>
						<row2>	1.0000 0.0000 0.0000 0.0000	</row2>
						<row3>	-0.0633 1.2188 -0.0461 1.0000	</row3>
					</transform>
				</node>
				<node>
					<identifier>	MP_CM012_Fire_Hose_Rack_1_INDEX_5	</identifier>
					<transform>
						<row0>	-0.8780 0.0000 -0.4787 0.0000	</row0>
						<row1>	0.0000 1.0000 0.0000 0.0000	</row1>
						<row2>	0.4787 0.0000 -0.8780 0.0000	</row2>
						<row3>	0.4138 0.4504 3.6966 1.0000	</row3>
					</transform>
				</node>
				<node>
					<identifier>	MP_CM012_Fire_Hose_Rack_1_INDEX_6	</identifier>
					<transform>
						<row0>	0.8780 0.0000 -0.4787 0.0000	</row0>
						<row1>	0.0000 1.0000 0.0000 0.0000	</row1>
						<row2>	0.4787 0.0000 0.8780 0.0000	</row2>
						<row3>	-0.4138 0.4504 3.6966 1.0000	</row3>
					</transform>
				</node>
				<node>
					<identifier>	MP_CM012_Fire_Hose_Rack_1_INDEX_7	</identifier>
					<transform>
						<row0>	1.0000 0.0000 0.0000 0.0000	</row0>
						<row1>	0.0000 1.0000 0.0000 0.0000	</row1>
						<row2>	0.0000 0.0000 1.0000 0.0000	</row2>
						<row3>	-0.5663 0.6361 -0.7383 1.0000	</row3>
					</transform>
				</node>
				<node>
					<identifier>	MP_CM012_Fire_Hose_Rack_1_INDEX_8	</identifier>
					<transform>
						<row0>	0.0000 0.0000 -1.0000 0.0000	</row0>
						<row1>	0.0000 1.0000 0.0000 0.0000	</row1>
						<row2>	1.0000 0.0000 0.0000 0.0000	</row2>
						<row3>	0.0633 1.2188 -0.0461 1.0000	</row3>
					</transform>
				</node>
				<node>
					<identifier>	MP_CM012_Fire_Hose_Rack_1_INDEX_9	</identifier>
					<transform>
						<row0>	-1.0000 0.0000 0.0000 0.0000	</row0>
						<row1>	0.0000 1.0000 0.0000 0.0000	</row1>
						<row2>	0.0000 0.0000 -1.0000 0.0000	</row2>
						<row3>	0.2530 0.7786 -0.4181 1.0000	</row3>
					</transform>
				</node>
				<node>
					<identifier>	MP_CM014_Fuel_Oil_Hose	</identifier>
					<transform>
						<row0>	1.0000 0.0000 0.0000 0.0000	</row0>
						<row1>	0.0000 1.0000 0.0000 0.0000	</row1>
						<row2>	0.0000 0.0000 1.0000 0.0000	</row2>
						<row3>	-0.5678 0.5752 -0.6295 1.0000	</row3>
					</transform>
				</node>
				<node>
					<identifier>	MP_CM014_Fuel_Oil_Hose_INDEX_1	</identifier>
					<transform>
						<row0>	-0.8941 0.0000 -0.4479 0.0000	</row0>
						<row1>	0.0000 1.0000 0.0000 0.0000	</row1>
						<row2>	0.4479 0.0000 -0.8941 0.0000	</row2>
						<row3>	0.9690 0.4125 0.5214 1.0000	</row3>
					</transform>
				</node>
				<node>
					<identifier>	MP_CM014_Fuel_Oil_Hose_INDEX_2	</identifier>
					<transform>
						<row0>	0.8941 0.0000 -0.4479 0.0000	</row0>
						<row1>	0.0000 1.0000 0.0000 0.0000	</row1>
						<row2>	0.4479 0.0000 0.8941 0.0000	</row2>
						<row3>	-0.9690 0.4125 0.5214 1.0000	</row3>
					</transform>
				</node>
				<node>
					<identifier>	MP_CM014_Fuel_Oil_Hose_INDEX_3	</identifier>
					<transform>
						<row0>	0.8701 0.0000 -0.4929 0.0000	</row0>
						<row1>	0.0000 1.0000 0.0000 0.0000	</row1>
						<row2>	0.4929 0.0000 0.8701 0.0000	</row2>
						<row3>	-0.5248 0.6119 -0.2471 1.0000	</row3>
					</transform>
				</node>
				<node>
					<identifier>	MP_CM014_Fuel_Oil_Hose_INDEX_4	</identifier>
					<transform>
						<row0>	0.8701 0.0000 -0.4929 0.0000	</row0>
						<row1>	0.0000 1.0000 0.0000 0.0000	</row1>
						<row2>	0.4929 0.0000 0.8701 0.0000	</row2>
						<row3>	-0.5248 0.5792 -0.2471 1.0000	</row3>
					</transform>
				</node>
				<node>
					<identifier>	MP_CM014_Fuel_Oil_Hose_INDEX_5	</identifier>
					<transform>
						<row0>	-0.8701 0.0000 -0.4929 0.0000	</row0>
						<row1>	0.0000 1.0000 0.0000 0.0000	</row1>
						<row2>	0.4929 0.0000 -0.8701 0.0000	</row2>
						<row3>	0.5248 0.5792 -0.2471 1.0000	</row3>
					</transform>
				</node>
				<node>
					<identifier>	MP_CM014_Fuel_Oil_Hose_INDEX_6	</identifier>
					<transform>
						<row0>	-1.0000 0.0000 0.0000 0.0000	</row0>
						<row1>	0.0000 1.0000 0.0000 0.0000	</row1>
						<row2>	0.0000 0.0000 -1.0000 0.0000	</row2>
						<row3>	0.5678 0.5752 -0.6295 1.0000	</row3>
					</transform>
				</node>
				<node>
					<identifier>	MP_CM014_Fuel_Oil_Hose_INDEX_7	</identifier>
					<transform>
						<row0>	-0.8701 0.0000 -0.4929 0.0000	</row0>
						<row1>	0.0000 1.0000 0.0000 0.0000	</row1>
						<row2>	0.4929 0.0000 -0.8701 0.0000	</row2>
						<row3>	0.5248 0.6119 -0.2471 1.0000	</row3>
					</transform>
				</node>
				<node>
					<identifier>	MP_CM028_Swab_Rack	</identifier>
					<transform>
						<row0>	1.0000 0.0000 0.0000 0.0000	</row0>
						<row1>	0.0000 1.0000 0.0000 0.0000	</row1>
						<row2>	0.0000 0.0000 1.0000 0.0000	</row2>
						<row3>	-0.0017 0.7177 -0.6467 1.0000	</row3>
					</transform>
				</node>
				<node>
					<identifier>	MP_CM029_Emergency_Box	</identifier>
					<transform>
						<row0>	-0.4292 0.0000 -0.9032 0.0000	</row0>
						<row1>	0.0000 1.0000 0.0000 0.0000	</row1>
						<row2>	0.9032 0.0000 -0.4292 0.0000	</row2>
						<row3>	-0.2091 1.0626 -0.1820 1.0000	</row3>
					</transform>
				</node>
				<node>
					<identifier>	MP_CM029_Emergency_Box_INDEX_1	</identifier>
					<transform>
						<row0>	-0.4292 0.0000 -0.9032 0.0000	</row0>
						<row1>	0.0000 1.0000 0.0000 0.0000	</row1>
						<row2>	0.9032 0.0000 -0.4292 0.0000	</row2>
						<row3>	-0.2460 1.8121 -0.2598 1.0000	</row3>
					</transform>
				</node>
				<node>
					<identifier>	MP_CM029_Emergency_Box_INDEX_2	</identifier>
					<transform>
						<row0>	0.0000 0.0000 1.0000 0.0000	</row0>
						<row1>	0.0000 1.0000 0.0000 0.0000	</row1>
						<row2>	-1.0000 0.0000 0.0000 0.0000	</row2>
						<row3>	0.2592 0.7779 -0.3743 1.0000	</row3>
					</transform>
				</node>
				<node>
					<identifier>	MP_CM029_Emergency_Box_INDEX_3	</identifier>
					<transform>
						<row0>	0.0000 0.0000 -1.0000 0.0000	</row0>
						<row1>	0.0000 1.0000 0.0000 0.0000	</row1>
						<row2>	1.0000 0.0000 0.0000 0.0000	</row2>
						<row3>	-0.2592 0.7779 -0.3743 1.0000	</row3>
					</transform>
				</node>
				<node>
					<identifier>	MP_CM029_Emergency_Box_INDEX_4	</identifier>
					<transform>
						<row0>	-0.4292 0.0000 0.9032 0.0000	</row0>
						<row1>	0.0000 1.0000 0.0000 0.0000	</row1>
						<row2>	-0.9032 0.0000 -0.4292 0.0000	</row2>
						<row3>	0.2460 1.8121 -0.2598 1.0000	</row3>
					</transform>
				</node>
				<node>
					<identifier>	MP_CM029_Emergency_Box_INDEX_5	</identifier>
					<transform>
						<row0>	0.0000 0.0000 -1.0000 0.0000	</row0>
						<row1>	0.0000 1.0000 0.0000 0.0000	</row1>
						<row2>	1.0000 0.0000 0.0000 0.0000	</row2>
						<row3>	-0.5727 0.5991 -0.5457 1.0000	</row3>
					</transform>
				</node>
				<node>
					<identifier>	MP_CM029_Emergency_Box_INDEX_6	</identifier>
					<transform>
						<row0>	-0.4292 0.0000 0.9032 0.0000	</row0>
						<row1>	0.0000 1.0000 0.0000 0.0000	</row1>
						<row2>	-0.9032 0.0000 -0.4292 0.0000	</row2>
						<row3>	0.2091 1.0626 -0.1820 1.0000	</row3>
					</transform>
				</node>
				<node>
					<identifier>	MP_CM029_Emergency_Box_INDEX_7	</identifier>
					<transform>
						<row0>	-0.4292 0.0000 0.9032 0.0000	</row0>
						<row1>	0.0000 1.0000 0.0000 0.0000	</row1>
						<row2>	-0.9032 0.0000 -0.4292 0.0000	</row2>
						<row3>	0.1667 1.2218 -0.0929 1.0000	</row3>
					</transform>
				</node>
				<node>
					<identifier>	MP_CM029_Emergency_Box_INDEX_8	</identifier>
					<transform>
						<row0>	0.0000 0.0000 1.0000 0.0000	</row0>
						<row1>	0.0000 1.0000 0.0000 0.0000	</row1>
						<row2>	-1.0000 0.0000 0.0000 0.0000	</row2>
						<row3>	0.5727 0.5991 -0.5457 1.0000	</row3>
					</transform>
				</node>
				<node>
					<identifier>	MP_CM029_Emergency_Box_INDEX_9	</identifier>
					<transform>
						<row0>	-0.4292 0.0000 -0.9032 0.0000	</row0>
						<row1>	0.0000 1.0000 0.0000 0.0000	</row1>
						<row2>	0.9032 0.0000 -0.4292 0.0000	</row2>
						<row3>	-0.1667 1.2218 -0.0929 1.0000	</row3>
					</transform>
				</node>
				<node>
					<identifier>	MP_CM051_Fire_Fighting_Gear	</identifier>
					<transform>
						<row0>	0.0000 0.0000 1.0000 0.0000	</row0>
						<row1>	1.0000 0.0000 0.0000 0.0000	</row1>
						<row2>	0.0000 1.0000 0.0000 0.0000	</row2>
						<row3>	0.0862 1.1660 -0.0482 1.0000	</row3>
					</transform>
				</node>
				<node>
					<identifier>	MP_CM051_Fire_Fighting_Gear_INDEX_1	</identifier>
					<transform>
						<row0>	0.0000 0.0000 1.0000 0.0000	</row0>
						<row1>	1.0000 0.0000 0.0000 0.0000	</row1>
						<row2>	0.0000 1.0000 0.0000 0.0000	</row2>
						<row3>	-0.0862 1.1660 -0.0482 1.0000	</row3>
					</transform>
				</node>
				<node>
					<identifier>	MP_CM052_Fender	</identifier>
					<transform>
						<row0>	0.6202 0.0000 0.0000 0.0000	</row0>
						<row1>	0.0000 0.6202 0.0000 0.0000	</row1>
						<row2>	0.0000 0.0000 0.6202 0.0000	</row2>
						<row3>	-0.0836 0.4028 2.1685 1.0000	</row3>
					</transform>
				</node>
				<node>
					<identifier>	MP_CM052_Fender_INDEX_1	</identifier>
					<transform>
						<row0>	0.4174 0.0000 0.7974 0.0000	</row0>
						<row1>	0.0000 0.9000 0.0000 0.0000	</row1>
						<row2>	-0.7974 0.0000 0.4174 0.0000	</row2>
						<row3>	-0.9388 0.3858 0.6409 1.0000	</row3>
					</transform>
				</node>
				<node>
					<identifier>	MP_CM052_Fender_INDEX_2	</identifier>
					<transform>
						<row0>	0.0883 0.0000 0.8957 0.0000	</row0>
						<row1>	0.0000 0.9000 0.0000 0.0000	</row1>
						<row2>	-0.8957 0.0000 0.0883 0.0000	</row2>
						<row3>	-0.4937 0.3928 1.3556 1.0000	</row3>
					</transform>
				</node>
				<node>
					<identifier>	MP_CM052_Fender_INDEX_3	</identifier>
					<transform>
						<row0>	0.6202 0.0000 0.0000 0.0000	</row0>
						<row1>	0.0000 0.6202 0.0000 0.0000	</row1>
						<row2>	0.0000 0.0000 0.6202 0.0000	</row2>
						<row3>	0.0836 0.4028 2.1685 1.0000	</row3>
					</transform>
				</node>
				<node>
					<identifier>	MP_CM052_Fender_INDEX_4	</identifier>
					<transform>
						<row0>	0.4174 0.0000 -0.7974 0.0000	</row0>
						<row1>	0.0000 0.9000 0.0000 0.0000	</row1>
						<row2>	0.7974 0.0000 0.4174 0.0000	</row2>
						<row3>	0.9388 0.3858 0.6409 1.0000	</row3>
					</transform>
				</node>
				<node>
					<identifier>	MP_CM052_Fender_INDEX_5	</identifier>
					<transform>
						<row0>	0.0883 0.0000 -0.8957 0.0000	</row0>
						<row1>	0.0000 0.9000 0.0000 0.0000	</row1>
						<row2>	0.8957 0.0000 0.0883 0.0000	</row2>
						<row3>	0.4937 0.3928 1.3556 1.0000	</row3>
					</transform>
				</node>
				<node>
					<identifier>	MP_CM061_Barrel	</identifier>
					<transform>
						<row0>	1.0000 0.0000 0.0000 0.0000	</row0>
						<row1>	0.0000 1.0000 0.0000 0.0000	</row1>
						<row2>	0.0000 0.0000 1.0000 0.0000	</row2>
						<row3>	-0.0470 0.7177 -0.6901 1.0000	</row3>
					</transform>
				</node>
				<node>
					<identifier>	MP_CM088_Swab_Rack	</identifier>
					<transform>
						<row0>	-1.0000 0.0000 0.0000 0.0000	</row0>
						<row1>	0.0000 0.8889 0.0000 0.0000	</row1>
						<row2>	0.0000 0.0000 -1.0000 0.0000	</row2>
						<row3>	0.0250 0.7170 -0.6728 1.0000	</row3>
					</transform>
				</node>
				<node>
					<identifier>	MP_CM090_Accommodation_Ladder	</identifier>
					<transform>
						<row0>	0.0000 -1.0000 0.0000 0.0000	</row0>
						<row1>	0.9992 0.0000 -0.0390 0.0000	</row1>
						<row2>	0.0390 0.0000 0.9992 0.0000	</row2>
						<row3>	-1.0810 0.4411 0.7731 1.0000	</row3>
					</transform>
				</node>
				<node>
					<identifier>	MP_CM090_Accommodation_Ladder_INDEX_1	</identifier>
					<transform>
						<row0>	0.0000 1.0000 0.0000 0.0000	</row0>
						<row1>	-0.9992 0.0000 -0.0390 0.0000	</row1>
						<row2>	-0.0390 0.0000 0.9992 0.0000	</row2>
						<row3>	1.0810 0.4408 0.7731 1.0000	</row3>
					</transform>
				</node>
				<node>
					<identifier>	MP_CM109_Leadsman_Platform	</identifier>
					<transform>
						<row0>	0.0000 -1.0000 0.0000 0.0000	</row0>
						<row1>	1.0000 0.0000 0.0000 0.0000	</row1>
						<row2>	0.0000 0.0000 1.0000 0.0000	</row2>
						<row3>	0.4812 1.1577 -0.4212 1.0000	</row3>
					</transform>
				</node>
				<node>
					<identifier>	MP_CM109_Leadsman_Platform_INDEX_1	</identifier>
					<transform>
						<row0>	0.0000 -1.0000 0.0000 0.0000	</row0>
						<row1>	-1.0000 0.0000 0.0000 0.0000	</row1>
						<row2>	0.0000 0.0000 -1.0000 0.0000	</row2>
						<row3>	-0.4812 1.1577 -0.4212 1.0000	</row3>
					</transform>
				</node>
				<node>
					<identifier>	MP_FM001_Pelorus	</identifier>
					<transform>
						<row0>	1.0000 0.0000 0.0000 0.0000	</row0>
						<row1>	0.0000 1.0600 0.0000 0.0000	</row1>
						<row2>	0.0000 0.0000 1.0000 0.0000	</row2>
						<row3>	-0.3178 1.7474 -0.2260 1.0000	</row3>
					</transform>
				</node>
				<node>
					<identifier>	MP_FM001_Pelorus_INDEX_1	</identifier>
					<transform>
						<row0>	1.0000 0.0000 0.0000 0.0000	</row0>
						<row1>	0.0000 1.1000 0.0000 0.0000	</row1>
						<row2>	0.0000 0.0000 1.0000 0.0000	</row2>
						<row3>	0.1141 1.0077 0.5199 1.0000	</row3>
					</transform>
				</node>
				<node>
					<identifier>	MP_FM001_Pelorus_INDEX_2	</identifier>
					<transform>
						<row0>	1.0000 0.0000 0.0000 0.0000	</row0>
						<row1>	0.0000 1.1000 0.0000 0.0000	</row1>
						<row2>	0.0000 0.0000 1.0000 0.0000	</row2>
						<row3>	0.1141 1.1578 0.5199 1.0000	</row3>
					</transform>
				</node>
				<node>
					<identifier>	MP_FM001_Pelorus_INDEX_3	</identifier>
					<transform>
						<row0>	1.0000 0.0000 0.0000 0.0000	</row0>
						<row1>	0.0000 1.0600 0.0000 0.0000	</row1>
						<row2>	0.0000 0.0000 1.0000 0.0000	</row2>
						<row3>	-0.3056 1.1578 -0.0252 1.0000	</row3>
					</transform>
				</node>
				<node>
					<identifier>	MP_FM001_Pelorus_INDEX_4	</identifier>
					<transform>
						<row0>	1.0000 0.0000 0.0000 0.0000	</row0>
						<row1>	0.0000 1.0600 0.0000 0.0000	</row1>
						<row2>	0.0000 0.0000 1.0000 0.0000	</row2>
						<row3>	0.3056 1.1578 -0.0252 1.0000	</row3>
					</transform>
				</node>
				<node>
					<identifier>	MP_FM001_Pelorus_INDEX_5	</identifier>
					<transform>
						<row0>	1.0000 0.0000 0.0000 0.0000	</row0>
						<row1>	0.0000 1.1000 0.0000 0.0000	</row1>
						<row2>	0.0000 0.0000 1.0000 0.0000	</row2>
						<row3>	-0.1141 1.1578 0.5199 1.0000	</row3>
					</transform>
				</node>
				<node>
					<identifier>	MP_FM001_Pelorus_INDEX_6	</identifier>
					<transform>
						<row0>	1.0000 0.0000 0.0000 0.0000	</row0>
						<row1>	0.0000 1.0600 0.0000 0.0000	</row1>
						<row2>	0.0000 0.0000 1.0000 0.0000	</row2>
						<row3>	0.2898 1.0077 0.0979 1.0000	</row3>
					</transform>
				</node>
				<node>
					<identifier>	MP_FM001_Pelorus_INDEX_7	</identifier>
					<transform>
						<row0>	1.0000 0.0000 0.0000 0.0000	</row0>
						<row1>	0.0000 1.1000 0.0000 0.0000	</row1>
						<row2>	0.0000 0.0000 1.0000 0.0000	</row2>
						<row3>	-0.1141 1.0077 0.5199 1.0000	</row3>
					</transform>
				</node>
				<node>
					<identifier>	MP_FM001_Pelorus_INDEX_8	</identifier>
					<transform>
						<row0>	1.0000 0.0000 0.0000 0.0000	</row0>
						<row1>	0.0000 1.0600 0.0000 0.0000	</row1>
						<row2>	0.0000 0.0000 1.0000 0.0000	</row2>
						<row3>	0.3178 1.7474 -0.2260 1.0000	</row3>
					</transform>
				</node>
				<node>
					<identifier>	MP_FM001_Pelorus_INDEX_9	</identifier>
					<transform>
						<row0>	1.0000 0.0000 0.0000 0.0000	</row0>
						<row1>	0.0000 1.0600 0.0000 0.0000	</row1>
						<row2>	0.0000 0.0000 1.0000 0.0000	</row2>
						<row3>	-0.2898 1.0077 0.0979 1.0000	</row3>
					</transform>
				</node>
				<node>
					<identifier>	MP_FM002_Binoculars	</identifier>
					<transform>
						<row0>	0.0000 0.0000 1.0000 0.0000	</row0>
						<row1>	0.0000 1.0000 0.0000 0.0000	</row1>
						<row2>	-1.0000 0.0000 0.0000 0.0000	</row2>
						<row3>	-0.2747 1.9014 -0.3223 1.0000	</row3>
					</transform>
				</node>
				<node>
					<identifier>	MP_FM002_Binoculars_INDEX_1	</identifier>
					<transform>
						<row0>	0.0000 0.0000 -1.0000 0.0000	</row0>
						<row1>	0.0000 1.0000 0.0000 0.0000	</row1>
						<row2>	1.0000 0.0000 0.0000 0.0000	</row2>
						<row3>	0.2747 1.9014 -0.3223 1.0000	</row3>
					</transform>
				</node>
				<node>
					<identifier>	MP_FM002_Binoculars_INDEX_2	</identifier>
					<transform>
						<row0>	0.7071 0.0000 0.7071 0.0000	</row0>
						<row1>	0.0000 1.0000 0.0000 0.0000	</row1>
						<row2>	-0.7071 0.0000 0.7071 0.0000	</row2>
						<row3>	-0.2419 1.9014 -0.2384 1.0000	</row3>
					</transform>
				</node>
				<node>
					<identifier>	MP_FM002_Binoculars_INDEX_3	</identifier>
					<transform>
						<row0>	0.7071 0.0000 -0.7071 0.0000	</row0>
						<row1>	0.0000 1.0000 0.0000 0.0000	</row1>
						<row2>	0.7071 0.0000 0.7071 0.0000	</row2>
						<row3>	0.2419 1.9014 -0.2384 1.0000	</row3>
					</transform>
				</node>
				<node>
					<identifier>	MP_FM002_Binoculars_INDEX_4	</identifier>
					<transform>
						<row0>	0.0000 0.0000 1.0000 0.0000	</row0>
						<row1>	0.0000 1.0000 0.0000 0.0000	</row1>
						<row2>	-1.0000 0.0000 0.0000 0.0000	</row2>
						<row3>	-0.4486 1.1578 -0.3385 1.0000	</row3>
					</transform>
				</node>
				<node>
					<identifier>	MP_FM002_Binoculars_INDEX_5	</identifier>
					<transform>
						<row0>	0.0000 0.0000 -1.0000 0.0000	</row0>
						<row1>	0.0000 1.0000 0.0000 0.0000	</row1>
						<row2>	1.0000 0.0000 0.0000 0.0000	</row2>
						<row3>	0.4486 1.1578 -0.3385 1.0000	</row3>
					</transform>
				</node>
				<node>
					<identifier>	MP_FM010_Paravane	</identifier>
					<transform>
						<row0>	-0.0872 0.0000 0.9962 0.0000	</row0>
						<row1>	0.0000 -1.0000 0.0000 0.0000	</row1>
						<row2>	0.9962 0.0000 0.0872 0.0000	</row2>
						<row3>	0.3291 0.4189 1.8576 1.0000	</row3>
					</transform>
				</node>
				<node>
					<identifier>	MP_FM010_Paravane_INDEX_1	</identifier>
					<transform>
						<row0>	-0.0872 0.0000 -0.9962 0.0000	</row0>
						<row1>	0.0000 -1.0000 0.0000 0.0000	</row1>
						<row2>	-0.9962 0.0000 0.0872 0.0000	</row2>
						<row3>	-0.3290 0.4189 1.8584 1.0000	</row3>
					</transform>
				</node>
				<node>
					<identifier>	MP_FM014_Telephone	</identifier>
					<transform>
						<row0>	0.8480 0.0000 0.5299 0.0000	</row0>
						<row1>	0.0000 1.0000 0.0000 0.0000	</row1>
						<row2>	-0.5299 0.0000 0.8480 0.0000	</row2>
						<row3>	0.1833 1.8318 -0.5994 1.0000	</row3>
					</transform>
				</node>
				<node>
					<identifier>	MP_FM014_Telephone_INDEX_1	</identifier>
					<transform>
						<row0>	0.0000 0.0000 1.0000 0.0000	</row0>
						<row1>	0.0000 1.0000 0.0000 0.0000	</row1>
						<row2>	-1.0000 0.0000 0.0000 0.0000	</row2>
						<row3>	0.2523 1.2351 -0.3954 1.0000	</row3>
					</transform>
				</node>
				<node>
					<identifier>	MP_FM014_Telephone_INDEX_10	</identifier>
					<transform>
						<row0>	0.0000 0.0000 -1.0000 0.0000	</row0>
						<row1>	0.0000 1.0000 0.0000 0.0000	</row1>
						<row2>	1.0000 0.0000 0.0000 0.0000	</row2>
						<row3>	-0.2523 1.2351 -0.3954 1.0000	</row3>
					</transform>
				</node>
				<node>
					<identifier>	MP_FM014_Telephone_INDEX_11	</identifier>
					<transform>
						<row0>	0.3090 0.0000 -0.9511 0.0000	</row0>
						<row1>	0.0000 1.0000 0.0000 0.0000	</row1>
						<row2>	0.9511 0.0000 0.3090 0.0000	</row2>
						<row3>	-0.2370 1.6440 -0.5354 1.0000	</row3>
					</transform>
				</node>
				<node>
					<identifier>	MP_FM014_Telephone_INDEX_12	</identifier>
					<transform>
						<row0>	-0.4292 0.0000 -0.9032 0.0000	</row0>
						<row1>	0.0000 1.0000 0.0000 0.0000	</row1>
						<row2>	0.9032 0.0000 -0.4292 0.0000	</row2>
						<row3>	-0.2288 1.8274 -0.2376 1.0000	</row3>
					</transform>
				</node>
				<node>
					<identifier>	MP_FM014_Telephone_INDEX_13	</identifier>
					<transform>
						<row0>	-1.0000 0.0000 0.0000 0.0000	</row0>
						<row1>	0.0000 1.0000 0.0000 0.0000	</row1>
						<row2>	0.0000 0.0000 -1.0000 0.0000	</row2>
						<row3>	0.3046 1.8159 -0.6988 1.0000	</row3>
					</transform>
				</node>
				<node>
					<identifier>	MP_FM014_Telephone_INDEX_14	</identifier>
					<transform>
						<row0>	0.4848 0.0000 0.8746 0.0000	</row0>
						<row1>	0.0000 1.0000 0.0000 0.0000	</row1>
						<row2>	-0.8746 0.0000 0.4848 0.0000	</row2>
						<row3>	-0.5496 1.0777 -0.3004 1.0000	</row3>
					</transform>
				</node>
				<node>
					<identifier>	MP_FM014_Telephone_INDEX_15	</identifier>
					<transform>
						<row0>	0.8988 0.0000 0.4384 0.0000	</row0>
						<row1>	0.0000 1.0000 0.0000 0.0000	</row1>
